194 ,67 ,60 ,56 ,199 ,60 ,79 ,204 ,202 ,70 ,53 ,190 ,182 ,187 ,60 ,62 ,193 ,50 ,176 ,204 ,162 ,200 ,212 ,52 ,229 ,65 ,
183 ,53 ,199 ,222 ,162 ,66 ,62 ,180 ,77 ,89 ,55 ,211 ,66 ,66 ,184 ,61 ,194 ,70 ,189 ,64 ,180 ,66 ,174 ,65 ,64 ,73 ,208
 ,189 ,197 ,197 ,193 ,42 ,198 ,59 ,203 ,181 ,70 ,180 ,194 ,187 ,178 ,69 ,201 ,74 ,61 ,165 ,48 ,59 ,200 ,44 ,58 ,171 ,6
9 ,52 ,201 ,190 ,81 ,166 ,183 ,168 ,209 ,184 ,55 ,66 ,65 ,190 ,191 ,194 ,183 ,190 ,64 ,189 ,181 ,76 ,195 ,198 ,193 ,67
 ,83 ,87 ,66 ,62 ,181 ,187 ,193 ,192 ,66 ,69 ,73 ,75 ,59
98 ,197 ,69 ,60 ,56 ,67 ,204 ,61 ,58 ,57 ,216 ,54 ,201 ,197 ,208 ,69 ,64 ,213 ,176 ,205 ,200 ,71 ,60 ,51 ,196 ,195 ,17
9 ,201 ,61 ,193 ,57 ,179 ,195 ,61 ,49 ,73 ,184 ,74 ,69 ,237 ,63 ,62 ,78 ,196 ,50 ,181 ,67 ,53 ,61 ,67 ,182 ,179 ,66 ,6
7 ,216 ,180 ,64 ,169 ,70 ,64 ,65 ,62 ,204 ,232 ,173 ,176 ,190 ,180 ,197 ,198 ,207 ,75 ,67 ,211 ,188 ,198 ,72 ,54 ,187
,89 ,174 ,181 ,63 ,156 ,62 ,54 ,68 ,58 ,66 ,65 ,70 ,174 ,181 ,75 ,64 ,53 ,68 ,56 ,66 ,182 ,56 ,199 ,188 ,201 ,76 ,78 ,
171 ,178 ,179 ,209 ,195 ,209 ,62 ,61 ,182 ,202 ,200 ,57 ,67 ,179 ,211 ,71 ,194 ,171 ,200 ,66 ,78 ,182 ,70 ,61 ,197 ,56
 ,64 ,167 ,192 ,176 ,190 ,202 ,53 ,169 ,62 ,168 ,201 ,62 ,57 ,175 ,188 ,61 ,192 ,57 ,202 ,191 ,224 ,49 ,58 ,84 ,194 ,7
3 ,68 ,215 ,53 ,179 ,53 ,55 ,182 ,65 ,62 ,64 ,188 ,214 ,52 ,191 ,61 ,57 ,191 ,53 ,185 ,62 ,67 ,63 ,193 ,61 ,70 ,179 ,5
9 ,214 ,68 ,65 ,184 ,65 ,187 ,70 ,59 ,75 ,192 ,64 ,71 ,59 ,208 ,222 ,61 ,65 ,204 ,193 ,202 ,63 ,197 ,196 ,215 ,58 ,169
 ,68 ,62 ,194 ,190 ,194 ,59 ,63 ,66 ,219 ,58 ,63 ,61 ,168 ,50 ,202 ,52 ,50 ,181 ,190 ,200 ,194 ,79 ,69 ,186 ,225 ,208
,174 ,59 ,60 ,186 ,207 ,71 ,178 ,73 ,210 ,70 ,61 ,61 ,216 ,220 ,80 ,68 ,38 ,63 ,193 ,57 ,183 ,67 ,204 ,196 ,168 ,169 ,
215 ,74 ,211 ,58 ,196 ,61 ,81 ,60 ,175 ,74 ,65 ,66 ,195 ,185 ,181 ,202 ,62 ,63 ,69 ,197 ,199 ,196 ,201 ,69 ,74 ,183 ,6
7 ,200 ,215 ,199 ,167 ,55 ,55 ,223 ,80 ,58 ,64 ,208 ,178 ,195 ,63 ,194 ,195 ,76 ,76 ,213 ,56 ,72 ,73 ,190 ,53 ,189 ,59
 ,182 ,181 ,154 ,62 ,68 ,188 ,200 ,64 ,73 ,179 ,187 ,65 ,57 ,165 ,61 ,204 ,68 ,71 ,186 ,49 ,194 ,66 ,185 ,200 ,68 ,167
 ,61 ,220 ,65 ,71 ,179 ,222 ,79 ,65 ,207 ,197 ,201 ,201 ,180 ,73 ,58 ,199 ,68 ,187 ,191 ,67 ,69 ,58 ,68 ,205 ,62 ,193
,72 ,59 ,182 ,216 ,61 ,65 ,66 ,180 ,63 ,63 ,219 ,194 ,181 ,204 ,80 ,64 ,188 ,203 ,201 ,185 ,64 ,60 ,247 ,195 ,203 ,189
 ,58 ,196 ,198 ,196 ,61 ,67 ,181 ,64 ,220 ,55 ,208 ,73 ,86 ,73 ,195 ,79 ,51 ,56 ,163 ,59 ,190 ,177 ,57 ,184 ,182 ,178
,166 ,229 ,195 ,199 ,49 ,177 ,187 ,192 ,206 ,68 ,69 ,178 ,186 ,70 ,191 ,209 ,206 ,213 ,64 ,61 ,199 ,57 ,71 ,66 ,163 ,1
58 ,69 ,63 ,62 ,184 ,203 ,188 ,183 ,195 ,57 ,66 ,201 ,179 ,180 ,202 ,61 ,57 ,187 ,191 ,193 ,203 ,191 ,67 ,188 ,193 ,68
 ,194
4 ,82 ,50 ,66 ,67 ,192 ,179 ,179 ,59 ,71 ,77 ,67 ,175 ,190 ,196 ,195 ,190 ,174 ,73 ,60 ,192 ,68 ,65 ,48 ,179 ,151 ,189
 ,190 ,178 ,68 ,66 ,69 ,69 ,199 ,75 ,64 ,56 ,50 ,67 ,206 ,178 ,63 ,51 ,205 ,198 ,74 ,67 ,74 ,59 ,199 ,172 ,67 ,184 ,21
1 ,72 ,69 ,62 ,207 ,64 ,192 ,66 ,198 ,182 ,168 ,191 ,200 ,67 ,64 ,194 ,62 ,55 ,77 ,63 ,55 ,174 ,73 ,53 ,64 ,63 ,71 ,69
 ,50 ,215 ,177 ,204 ,51 ,64 ,185 ,69 ,205 ,71 ,63 ,69 ,78 ,221 ,68 ,67 ,61 ,65 ,74 ,55 ,191 ,179 ,204 ,183 ,50 ,185 ,8
0 ,167 ,193 ,62 ,198 ,58 ,195 ,66 ,55 ,51 ,215 ,61 ,224 ,192 ,187 ,197 ,198 ,55 ,55 ,193 ,60 ,173 ,201 ,169 ,69 ,81 ,6
0 ,186 ,191 ,194 ,66 ,210 ,183 ,69 ,198 ,56 ,77 ,62 ,72 ,211 ,177 ,84 ,202 ,191 ,68 ,209 ,207 ,65 ,78 ,182 ,67 ,53 ,66
 ,204 ,194 ,77 ,58 ,67 ,73 ,63 ,167 ,72 ,194 ,179 ,208 ,66 ,187 ,204 ,202 ,184 ,189 ,73 ,197 ,186 ,187 ,75 ,213 ,69 ,1
78 ,195 ,66 ,66 ,187 ,61 ,168 ,210 ,62 ,67 ,61 ,189 ,68 ,187 ,75 ,189 ,51 ,179 ,181 ,193 ,188 ,181 ,55 ,69 ,217 ,58 ,2
00 ,70 ,156 ,61 ,57 ,175 ,61 ,206 ,185 ,199 ,58 ,191 ,218 ,70 ,209 ,69 ,61 ,47 ,65 ,175 ,71 ,65 ,62 ,62 ,212 ,172 ,198
 ,72 ,66 ,64 ,66 ,181 ,173 ,192 ,69 ,204 ,57 ,46 ,65 ,182 ,79 ,186 ,221 ,179 ,48 ,58 ,76 ,172 ,61 ,69 ,54 ,58 ,65 ,53
,179 ,56 ,56 ,202 ,198 ,71 ,188 ,60 ,59 ,54 ,67 ,173 ,183 ,169 ,207 ,189 ,63 ,191 ,157 ,56 ,159 ,212 ,189 ,182 ,171 ,2
05 ,186 ,205 ,71 ,177 ,75 ,209 ,70 ,50 ,71 ,195 ,169 ,77 ,223 ,62 ,62 ,59 ,181 ,81 ,199 ,165 ,63 ,63 ,75 ,73 ,188 ,191
 ,63 ,200 ,71 ,60 ,190 ,61 ,171 ,179 ,67 ,199 ,186 ,58 ,209 ,69 ,214 ,183 ,193 ,57 ,69 ,70 ,73 ,211 ,65 ,185 ,197 ,67
,187 ,199 ,208 ,59 ,191 ,57 ,59 ,67 ,68 ,53 ,63 ,65 ,188 ,181 ,183 ,63 ,70 ,232 ,197 ,182 ,184 ,206 ,176 ,61 ,64 ,187
,65 ,69 ,198 ,180 ,53 ,191 ,202 ,72 ,62 ,197 ,189 ,182 ,60 ,69 ,173 ,60 ,51 ,66 ,176 ,50 ,190 ,71 ,189 ,206 ,76 ,158 ,
74 ,198 ,59 ,192 ,201 ,207 ,211 ,68 ,56 ,199 ,59 ,193 ,61 ,190 ,68 ,163 ,63 ,190 ,56 ,188 ,162 ,63 ,187 ,55 ,58 ,196 ,
189 ,63 ,67 ,60 ,187 ,62 ,53 ,181 ,64 ,203 ,179 ,235 ,61 ,214 ,220 ,62 ,171 ,69 ,73 ,186 ,69 ,201 ,59 ,74 ,54 ,189 ,17
9 ,69 ,183 ,82 ,72 ,188 ,183
196 ,186 ,68 ,194 ,69 ,169 ,222 ,194 ,210 ,190 ,71 ,188 ,79 ,184 ,191 ,66 ,62 ,81 ,172 ,172 ,189 ,176 ,59 ,61 ,187 ,21
7 ,188 ,200 ,79 ,65 ,54 ,67 ,63 ,60 ,67 ,55 ,63 ,194 ,211 ,195 ,63 ,51 ,204 ,186 ,206 ,195 ,180 ,182 ,73 ,73 ,199 ,68
,196 ,70 ,176 ,189 ,189 ,52 ,60 ,200 ,67 ,204 ,63 ,63 ,192 ,60 ,70 ,54 ,45 ,67 ,202 ,204 ,69 ,192 ,196 ,65 ,58 ,66 ,68
 ,62 ,63 ,58 ,62 ,190 ,197 ,174 ,217 ,51 ,67 ,85 ,212 ,51 ,72 ,215 ,200 ,183 ,68 ,190 ,168 ,72 ,213 ,160 ,66 ,179 ,64
,53 ,62 ,57 ,63 ,200 ,189 ,50 ,68 ,72 ,200 ,192 ,70 ,185 ,230 ,57 ,53 ,60 ,51 ,183 ,185 ,65 ,53 ,66 ,79 ,59 ,66 ,179 ,
61 ,184 ,179 ,185 ,57 ,60 ,72 ,79 ,79 ,63 ,165 ,190 ,61 ,78 ,205 ,61 ,208 ,207 ,222 ,56 ,180 ,76 ,179 ,196 ,197 ,177 ,
77 ,60 ,82 ,192 ,208 ,59 ,54 ,60 ,192 ,62 ,69 ,57 ,71 ,51 ,174 ,181 ,54 ,70 ,79 ,189 ,69 ,81 ,58 ,53 ,217 ,69 ,59 ,68
,57 ,60 ,68 ,67 ,209 ,62 ,170 ,67 ,167 ,65 ,64 ,44 ,65 ,203 ,64 ,64 ,197 ,59 ,72 ,74 ,57 ,211 ,175 ,195 ,221 ,54 ,213
,217 ,57 ,43 ,182 ,197 ,188 ,63 ,183 ,180 ,66 ,190 ,190 ,192 ,209 ,191 ,70 ,186 ,75 ,181 ,51 ,64 ,66 ,185 ,68 ,70 ,183
 ,57 ,187 ,62 ,173 ,199 ,63 ,53 ,203 ,58 ,199 ,61 ,200 ,69 ,184 ,65 ,63 ,186 ,62 ,198 ,197 ,81 ,79 ,60 ,74 ,195 ,168 ,
62 ,62 ,158 ,203 ,61 ,188 ,69 ,206 ,64 ,184 ,67 ,64 ,169 ,72 ,67 ,213 ,189 ,175 ,224 ,60 ,56 ,67 ,204 ,196 ,201 ,186 ,
190 ,209 ,191 ,60 ,67 ,68 ,186 ,77 ,200 ,51 ,49 ,69 ,58 ,70 ,200 ,52 ,84 ,191 ,194 ,79 ,55 ,201 ,77 ,192 ,150 ,67 ,51
,175 ,197 ,200 ,58 ,177 ,190 ,56 ,190 ,190 ,45 ,218 ,209 ,56 ,78 ,72 ,204 ,191 ,202 ,65 ,64 ,210 ,54 ,202 ,79 ,197 ,19
1 ,214 ,176 ,206 ,195 ,62 ,70 ,78 ,174 ,188 ,162 ,69 ,65 ,61 ,61 ,57 ,70 ,193 ,60 ,56 ,78 ,67 ,73 ,160 ,203 ,185 ,69 ,
191 ,181 ,63 ,67 ,204 ,197 ,190 ,220 ,53 ,204 ,179 ,83 ,193 ,75 ,70 ,61 ,74 ,174 ,173 ,57 ,70 ,209 ,184 ,183 ,81 ,225
,72 ,149 ,183 ,185 ,194 ,57 ,56 ,65 ,219 ,71 ,72 ,208 ,77 ,74 ,176 ,208 ,214 ,195 ,72 ,61 ,73 ,187 ,83 ,63 ,180 ,66 ,6
6 ,177 ,62 ,63 ,186 ,72 ,64 ,190 ,201 ,187 ,232 ,48 ,68 ,212 ,69 ,72 ,50 ,56 ,172 ,48 ,181 ,62 ,174 ,185 ,72 ,203 ,64
,185 ,60 ,199 ,173 ,179 ,73 ,49 ,64 ,192 ,213 ,58 ,54 ,179 ,73 ,181 ,182 ,54 ,75 ,213 ,66 ,174 ,168 ,205 ,71 ,47 ,204
,63 ,53 ,60 ,70 ,70 ,73 ,195 ,59 ,77 ,202 ,73 ,203 ,213 ,200 ,196 ,213 ,202 ,75 ,56 ,75 ,189 ,208 ,203 ,57 ,53 ,5
3 ,215 ,64 ,49 ,193 ,179 ,59 ,201 ,67 ,62 ,196 ,186 ,189 ,64 ,57 ,64 ,166 ,57 ,60 ,180 ,77 ,211 ,53 ,67 ,182 ,71 ,53 ,
202 ,205 ,184 ,188 ,188 ,197 ,81 ,66 ,56 ,54 ,51 ,79 ,185 ,61 ,176 ,188 ,188 ,69 ,206 ,65 ,60 ,62 ,62 ,68 ,68 ,71 ,182
 ,73 ,169 ,207 ,179 ,190 ,68 ,69 ,70 ,57 ,185 ,190 ,192 ,198 ,202 ,67 ,47 ,177 ,203 ,180 ,55 ,204 ,190 ,59 ,205 ,201 ,
57 ,187 ,71 ,70 ,211 ,67 ,61 ,63 ,197 ,177 ,202 ,75 ,205 ,54 ,75 ,170 ,183 ,59 ,179 ,59 ,61 ,204 ,197 ,69 ,67 ,79 ,68
,75 ,58 ,66 ,205 ,55 ,68 ,199 ,202 ,205 ,73 ,204 ,68 ,69 ,65 ,64 ,194 ,68 ,196 ,61 ,187 ,73 ,72 ,57 ,69 ,56 ,208 ,195
,72 ,56 ,52 ,68 ,67 ,65 ,63 ,55 ,191 ,58 ,179 ,183 ,80 ,164 ,62 ,62 ,55 ,193 ,186 ,66 ,184 ,70 ,180 ,172 ,62 ,179 ,64
,65 ,186 ,59 ,87 ,65 ,61 ,194 ,201 ,71 ,64 ,69 ,63 ,181 ,64 ,196 ,197 ,58 ,53 ,67 ,61 ,174 ,221 ,58 ,61 ,62 ,178 ,60 ,
66 ,64 ,198 ,196 ,193 ,74 ,182 ,65 ,161 ,192 ,55 ,225 ,66 ,187 ,67 ,55 ,69 ,185 ,190 ,183 ,177 ,67 ,70 ,75 ,68 ,232 ,6
3 ,62 ,52 ,64 ,72 ,81 ,191 ,70 ,172 ,190 ,74 ,219 ,183 ,72 ,55 ,78 ,193 ,51 ,188 ,57 ,60 ,77 ,199 ,195 ,180 ,187 ,195
,54 ,57 ,74 ,185 ,58 ,66 ,184 ,193 ,185 ,156 ,225 ,189 ,61 ,56 ,60 ,202 ,63 ,190 ,192 ,54 ,198 ,207 ,207 ,191 ,57 ,208
 ,80 ,195 ,55 ,181 ,190 ,61 ,67 ,72 ,73 ,206 ,75 ,165 ,204 ,66 ,203 ,59 ,184 ,197 ,67 ,211 ,182 ,150 ,210 ,187 ,68 ,20
5 ,173 ,73 ,72 ,72 ,70 ,73 ,62 ,61 ,209 ,65 ,196 ,192 ,50 ,183 ,64 ,177 ,77 ,54 ,201 ,57 ,172 ,174 ,66 ,168 ,199 ,208
,191 ,193 ,65 ,70 ,182 ,198 ,60 ,165 ,174 ,195 ,60 ,66 ,171 ,62 ,64 ,180 ,194 ,221 ,187 ,63 ,53 ,201 ,184 ,185 ,79 ,19
2 ,200 ,67 ,52 ,197 ,189 ,71 ,214 ,178 ,55 ,196 ,206 ,178 ,193 ,163 ,76 ,198 ,92 ,77 ,189 ,162 ,210 ,55 ,194 ,169 ,56
,58 ,66 ,57 ,67 ,63 ,66 ,197 ,194 ,63 ,51 ,195 ,195 ,59 ,67 ,81 ,194 ,198 ,53 ,208 ,199 ,56 ,66 ,65 ,211 ,73 ,204 ,71
,63 ,70 ,190 ,68 ,185 ,188 ,197 ,68 ,194 ,197 ,200 ,153 ,202 ,189 ,62 ,63 ,177 ,189 ,186 ,182 ,209 ,80 ,48 ,71 ,212 ,1
99 ,47 ,188 ,168 ,197 ,72 ,193 ,174 ,58 ,214 ,64 ,54 ,202 ,53 ,190 ,64 ,67 ,191 ,195 ,201 ,74 ,181 ,200 ,177 ,71 ,56 ,
62 ,